1000 3
-61.275162 -48.132267 -30.102259
-64.306824 -37.309822 -34.190758
-54.272209 -39.554909 -28.698647
-56.984032 -40.967327 -32.191544
-59.812141 -46.304512 -28.030210
-53.506256 -41.189316 -31.278122
-64.640388 -38.293514 -34.424767
-54.868374 -42.572929 -37.905819
-58.122166 -47.858173 -29.434717
-57.029182 -47.448822 -30.682108
-61.385181 -44.484081 -29.749823
-55.783302 -39.806751 -37.039551
-55.944496 -38.952511 -33.876404
-58.022766 -46.882332 -31.621279
-54.354149 -40.516541 -32.744129
-58.115589 -48.477322 -32.885883
-59.235424 -44.897018 -29.640062
-61.329910 -44.768135 -31.339268
-55.997475 -39.562149 -37.249393
-54.431824 -38.831310 -33.472919
-59.765247 -44.249065 -36.664536
-59.960693 -46.244049 -31.195400
-57.510998 -45.834187 -29.442112
-57.785412 -44.897572 -31.182589
-54.381981 -39.736942 -30.996157
-52.733780 -41.003502 -32.393860
-58.028683 -38.142475 -38.323143
-60.434444 -44.328461 -38.633762
-52.784496 -40.082272 -31.126204
-57.586201 -40.000931 -32.408966
-63.456329 -35.582401 -34.462669
-64.984230 -39.743607 -32.986385
-59.164837 -39.157951 -38.516365
-60.715305 -43.855282 -36.712399
-60.193272 -44.160217 -36.890491
-53.704205 -41.390831 -31.534214
-60.159821 -44.620373 -38.985569
-60.043129 -42.870396 -38.742222
-59.326065 -42.745434 -39.460918
-57.155792 -38.013847 -37.465580
-58.051590 -38.184784 -38.280918
-56.534592 -38.295784 -37.314693
-57.562477 -41.800121 -34.616871
-62.124832 -36.103195 -29.618393
-63.684292 -35.902817 -34.185276
-63.924080 -36.115864 -33.981209
-53.799843 -41.871189 -27.953510
-59.809277 -44.556068 -39.818897
-63.400959 -36.330345 -30.964018
-56.700165 -38.150299 -37.217422
-63.691902 -37.170422 -31.978643
-60.378052 -34.789173 -31.941315
-60.229713 -35.214005 -31.213034
-55.192062 -41.933582 -38.940639
-58.952152 -39.686745 -38.878357
-65.889130 -39.566593 -36.283733
-63.628159 -36.527115 -30.842779
-59.676708 -44.103622 -39.330399
-57.516094 -38.387653 -27.553778
-64.607155 -40.890194 -37.437271
-60.703407 -43.847393 -39.396034
-53.480392 -42.682724 -30.910028
-54.809288 -41.655476 -34.699505
-53.057446 -39.871803 -31.373789
-56.435928 -41.878925 -22.687370
-64.204742 -44.805355 -30.332453
-63.122505 -36.810230 -31.403797
-59.952126 -41.993572 -34.429173
-58.441662 -39.759712 -34.150368
-55.491692 -42.199558 -39.062019
-57.816727 -39.889477 -32.622753
-60.005791 -44.919804 -23.345997
-59.093266 -48.061466 -34.564106
-59.755001 -50.572357 -29.526150
-55.242928 -41.873539 -38.767513
-59.741875 -50.596256 -29.562181
-64.864967 -38.470234 -34.604088
-56.981686 -42.410259 -34.178959
-54.201694 -39.851376 -30.873028
-52.923992 -43.032066 -32.666122
-52.664673 -42.550220 -32.332970
-66.112900 -36.652641 -27.011269
-61.951038 -38.209553 -22.419510
-64.687103 -41.116814 -30.725035
-53.169037 -42.915123 -29.785166
-53.170502 -41.709106 -30.666285
-58.309006 -43.588989 -21.098766
-64.809975 -40.645077 -37.265114
-55.293652 -41.944626 -35.504227
-62.562077 -41.662659 -37.404839
-59.192616 -40.927040 -30.168465
-56.723297 -48.366005 -31.596998
-67.172813 -44.149521 -25.547905
-60.738014 -41.983639 -39.610123
-62.655121 -43.064148 -23.451252
-55.732769 -41.890499 -35.952335
-58.004242 -39.818832 -25.708321
-55.339947 -42.062325 -38.728924
-62.923450 -36.682335 -36.486347
-55.497688 -41.192272 -33.335945
-55.210514 -41.503574 -34.279510
-62.116879 -43.371578 -25.045500
-59.582275 -38.765163 -38.239487
-57.020451 -43.023201 -23.017231
-57.973728 -44.062794 -36.298313
-65.144386 -37.656921 -33.378990
-62.469341 -36.503265 -31.952444
-52.652180 -41.705074 -31.415646
-62.630573 -36.631577 -36.663349
-63.372654 -43.841633 -36.336773
-65.894264 -39.676456 -36.360176
-63.298470 -35.491817 -34.361786
-59.907501 -50.651989 -32.066952
-67.038834 -42.364700 -28.465851
-61.772312 -45.110703 -23.220016
-63.371750 -36.425106 -36.088177
-59.794159 -50.751583 -31.901426
-60.357906 -45.911228 -36.771378
-55.733753 -42.799274 -34.257633
-63.238796 -36.511307 -36.237225
-66.858414 -42.747742 -28.761234
-60.621838 -40.773525 -28.975601
-60.209499 -49.845894 -31.324598
-64.509880 -47.786095 -26.705379
-53.123650 -39.907978 -31.963696
-54.552471 -42.909897 -35.153252
-60.479542 -49.124763 -33.278954
-61.610172 -43.935883 -25.325169
-54.153584 -45.709702 -28.958237
-60.787556 -39.835594 -29.325045
-56.274368 -42.007870 -22.594839
-63.717766 -45.005108 -30.714705
-56.043705 -38.495304 -32.246223
-53.937603 -41.849895 -27.722338
-54.787861 -39.390785 -29.807703
-55.650826 -39.341496 -36.994862
-66.841972 -40.554424 -28.112299
-60.598526 -43.249138 -28.546249
-65.040321 -37.573578 -33.263638
-61.138035 -42.363205 -34.497601
-61.368904 -42.019947 -27.653643
-65.143105 -38.662189 -27.136702
-55.348125 -41.337421 -34.397793
-63.956940 -36.114147 -31.213755
-59.722851 -39.975811 -28.030174
-58.923355 -48.869457 -32.183167
-58.413151 -48.089317 -28.666962
-61.118992 -42.185352 -22.755806
-60.381756 -36.082718 -33.498604
-63.194462 -40.677372 -33.267326
-58.785473 -50.372932 -31.060429
-56.784492 -43.097275 -22.940609
-53.565735 -42.804054 -31.111006
-56.865665 -39.576820 -28.583147
-59.700687 -44.481464 -36.887535
-58.817284 -47.881088 -34.802292
-53.259266 -39.377819 -32.269188
-60.144321 -49.802563 -30.359257
-60.945282 -33.819115 -28.390656
-58.889950 -46.386917 -30.493811
-55.102089 -41.745667 -38.679520
-61.192093 -40.631561 -35.072449
-63.818447 -36.052315 -32.111736
-59.926048 -42.775276 -38.598667
-53.918015 -41.598034 -27.580515
-59.142628 -49.776760 -29.727005
-63.186939 -41.759972 -27.839907
-64.497429 -38.129711 -33.497322
-57.641567 -37.069553 -28.243494
-60.244789 -44.776108 -38.860184
-60.090637 -50.201916 -31.167639
-54.748867 -45.010292 -31.250290
-56.599712 -42.363762 -22.610292
-62.223312 -36.029179 -29.719828
-59.587223 -36.207844 -25.633408
-60.313431 -36.051105 -27.203535
-58.178280 -39.023502 -36.817535
-57.692528 -34.439533 -30.672783
-65.506424 -44.190151 -28.659431
-58.203888 -39.526432 -25.569357
-58.986549 -43.317917 -24.654877
-63.875473 -44.042110 -26.068989
-60.006504 -36.532249 -25.919380
-67.147873 -43.810535 -30.006571
-58.595684 -41.642746 -29.019474
-56.758579 -35.468254 -33.697071
-60.758190 -46.284817 -22.523230
-61.949265 -48.373013 -28.543663
-58.786736 -46.817459 -25.216314
-63.898125 -43.759068 -25.713478
-56.321476 -43.764965 -27.405121
-59.615879 -42.569214 -39.237766
-54.638748 -41.752567 -33.154259
-59.152664 -43.230858 -24.549707
-59.179760 -38.583290 -22.808247
-56.304222 -43.054012 -27.389128
-59.594223 -44.796974 -40.032082
-58.315403 -41.730770 -25.476379
-63.899773 -40.292797 -26.149651
-64.485596 -42.195820 -37.843403
-56.193871 -41.809299 -31.538668
-56.568810 -36.012955 -26.392370
-61.734409 -45.022179 -23.272087
-58.726070 -41.693424 -29.071068
-60.285225 -42.486034 -39.778183
-63.550392 -46.091309 -22.378616
-63.218990 -39.685638 -23.384451
-59.543461 -44.847363 -40.076694
-63.988144 -49.280899 -29.265253
-67.111961 -43.193832 -26.021130
-67.604431 -41.079723 -28.520529
-52.747272 -42.320919 -32.235531
-57.810307 -37.862671 -38.044498
-61.934967 -45.814804 -28.605541
-59.171856 -48.130684 -34.391125
-64.562141 -45.376480 -29.816980
-55.465149 -40.958828 -37.995296
-62.978580 -44.976665 -24.473145
-63.636543 -45.216808 -22.745962
-55.770927 -38.335484 -32.365883
-55.364784 -42.554382 -34.882912
-57.193001 -37.101513 -28.482944
-54.931046 -41.714680 -28.490122
-53.671177 -40.633064 -30.625792
-63.229618 -41.273403 -24.239725
-56.901333 -39.558380 -27.302174
-56.538464 -43.266262 -29.859953
-53.532692 -40.426250 -28.368813
-55.370995 -40.319805 -31.444046
-60.176735 -45.671761 -25.636271
-59.827217 -49.520882 -31.623945
-61.083584 -38.274605 -36.185024
-58.444309 -49.978039 -30.655878
-63.255024 -41.061481 -36.307285
-64.913147 -45.299179 -23.566168
-57.528324 -34.693863 -30.940912
-59.720821 -43.281460 -26.517588
-58.136200 -44.003780 -25.122381
-64.946274 -41.706654 -23.734234
-58.345970 -43.722607 -24.972902
-67.217789 -42.815819 -25.862257
-58.778286 -34.112503 -30.291424
-57.608440 -41.074642 -22.341856
-63.164700 -41.611965 -31.110386
-60.537159 -42.112022 -39.416531
-64.317657 -45.811207 -29.420794
-54.910847 -43.648422 -23.875200
-58.811657 -39.166958 -23.493010
-62.307293 -45.335403 -26.490999
-53.629833 -40.760460 -33.397923
-53.418243 -41.699902 -28.417273
-58.019112 -48.285126 -26.647655
-65.327721 -37.274330 -30.890770
-64.274704 -42.240467 -35.353760
-60.163307 -43.685287 -30.267303
-55.441528 -41.383503 -22.828577
-58.920738 -37.768135 -35.194653
-60.416203 -50.669842 -31.778440
-58.995262 -41.293312 -24.959660
-67.007240 -38.007137 -28.621319
-59.783657 -49.365749 -31.879082
-57.056477 -42.448547 -36.842251
-60.095703 -38.513630 -22.407173
-63.811371 -39.638638 -25.555044
-58.822777 -39.653744 -39.065624
-67.236336 -44.234932 -25.519239
-63.526485 -39.627293 -22.932341
-62.353813 -45.370113 -35.132011
-57.754463 -49.579971 -29.575500
-60.506428 -40.439125 -27.669216
-64.704361 -39.065659 -27.757174
-55.511250 -40.777561 -37.748699
-56.458981 -48.278080 -32.143421
-60.781090 -47.795330 -31.314287
-66.187805 -43.996803 -25.219202
-63.346127 -35.741879 -30.043568
-62.541325 -35.727516 -27.103914
-62.965904 -41.457520 -30.985559
-56.423111 -40.802761 -26.068689
-60.562042 -45.225616 -25.434704
-55.373119 -42.047054 -38.916771
-62.726692 -39.396660 -38.335789
-61.555141 -36.680630 -37.387142
-64.482262 -43.661205 -26.876043
-63.743023 -48.117207 -32.506744
-60.512604 -46.589432 -26.234745
-65.852562 -39.006878 -26.587416
-58.958088 -42.824772 -25.812714
-62.005707 -45.654240 -26.714954
-60.580677 -36.970234 -30.836966
-55.151077 -39.125370 -25.235619
-60.837109 -41.198387 -28.960911
-57.453884 -39.188263 -35.249184
-60.181515 -42.296318 -40.018639
-60.409210 -34.653790 -31.999634
-58.899807 -50.531151 -31.246317
-60.718090 -34.531288 -29.738884
-64.187263 -43.374908 -37.398083
-53.734245 -40.104435 -28.275740
-62.477146 -43.958080 -28.314163
-55.624046 -42.324871 -39.198025
-61.050873 -38.013828 -36.311775
-58.975758 -41.749680 -23.533148
-61.416203 -47.274616 -27.412775
-58.333778 -41.236580 -27.571798
-57.484356 -37.667744 -27.926233
-61.966290 -43.671448 -21.562399
-61.105389 -49.058681 -31.981827
-55.904381 -46.153286 -33.599621
-64.034439 -39.411991 -28.040907
-60.003582 -43.725292 -35.230114
-56.783936 -38.528809 -33.569908
-64.034760 -40.312187 -26.425135
-58.680183 -39.015472 -27.551922
-54.645531 -45.077038 -31.239573
-66.535248 -40.845364 -26.898638
-59.384956 -46.290318 -25.684021
-60.941734 -48.930965 -31.957054
-59.964535 -35.973576 -32.009892
-63.689877 -46.544807 -27.573263
-62.325218 -37.780178 -30.626438
-57.625530 -42.801102 -23.320793
-58.910835 -45.796677 -31.763329
-62.626057 -46.454967 -37.012165
-64.000198 -39.920723 -28.512262
-63.099701 -46.062538 -36.679943
-66.945679 -43.655170 -29.824770
-62.183208 -42.210026 -37.858395
-61.583157 -40.768524 -30.683397
-54.214989 -45.844982 -28.977488
-63.654938 -46.877640 -30.570938
-62.917480 -47.126579 -25.105431
-65.358040 -37.371265 -33.417171
-56.440742 -36.221222 -26.485640
-63.600071 -45.439583 -25.347523
-57.243675 -44.239338 -34.410080
-58.021721 -45.509861 -25.610559
-63.430725 -48.381062 -26.807474
-56.373299 -40.464550 -30.002993
-60.018642 -48.449135 -25.525002
-58.206596 -47.020603 -29.964251
-61.549030 -37.482346 -26.369162
-61.398319 -43.812740 -25.737322
-59.007545 -35.756744 -24.998098
-59.547390 -41.125214 -37.925388
-56.629307 -35.879017 -26.304266
-58.743683 -42.055061 -23.451223
-60.471077 -49.888332 -32.583965
-64.603760 -44.181812 -34.959949
-56.454762 -47.255421 -25.100866
-62.690338 -47.655102 -23.839951
-66.799538 -40.981205 -31.145636
-62.068913 -38.305477 -22.335527
-58.873604 -41.453186 -35.446285
-58.038010 -45.908703 -23.122387
-66.882050 -42.320763 -32.196735
-62.463993 -35.791393 -27.011488
-58.690376 -45.969685 -26.121119
-60.395664 -46.608223 -23.995964
-65.448616 -42.341171 -26.296745
-63.697586 -44.173122 -35.909626
-61.727112 -42.701565 -27.008560
-60.427719 -43.174656 -26.824312
-66.678314 -44.990616 -31.809195
-59.588943 -44.031509 -39.119797
-62.294441 -42.927719 -34.371761
-55.211609 -41.414700 -26.603256
-60.869537 -39.058811 -35.734314
-63.328369 -43.186924 -27.124018
-60.923134 -42.496975 -21.543047
-58.561371 -37.343761 -35.468204
-58.704697 -43.169899 -29.671244
-64.458778 -42.263016 -22.893499
-60.272896 -40.879501 -31.056728
-57.852108 -37.753677 -30.370802
-62.711872 -38.631260 -38.349636
-62.269203 -38.944469 -24.136000
-64.792511 -44.839676 -26.628757
-56.925285 -37.257530 -35.374043
-54.890045 -39.399498 -27.998053
-63.459534 -41.228397 -24.429270
-58.461624 -43.743427 -21.241261
-54.352982 -39.146187 -26.176649
-63.825012 -41.386955 -29.352461
-56.903191 -37.438774 -36.884605
-59.634720 -37.479286 -26.876957
-61.605885 -37.134724 -23.469494
-54.494606 -39.295895 -28.333033
-63.855904 -49.107349 -29.363750
-65.675003 -42.646107 -26.662485
-56.850105 -39.036621 -31.591471
-62.385052 -42.796307 -34.145775
-60.548912 -45.381947 -34.037560
-56.039543 -44.556183 -24.263227
-57.765213 -44.156284 -27.851418
-53.881866 -39.073235 -32.912289
-58.770359 -43.989380 -28.431877
-66.055008 -36.660072 -26.995378
-63.516441 -45.329697 -25.503036
-60.230621 -43.805561 -35.629620
-65.234352 -41.131615 -36.980888
-64.302620 -42.784817 -23.206215
-58.029156 -40.743080 -36.506485
-54.718384 -42.124817 -32.591045
-55.622925 -45.177330 -35.557251
-55.009712 -41.517830 -26.070610
-66.555969 -40.567974 -31.599827
-52.598042 -41.017399 -32.498650
-65.085541 -45.209110 -23.675770
-64.079208 -49.341228 -29.103039
-64.678032 -44.218361 -36.876270
-62.633011 -41.593075 -25.784138
-56.494919 -43.543888 -25.030575
-58.556248 -46.260090 -30.476587
-60.374249 -48.176075 -25.274506
-57.159164 -39.919758 -27.589865
-60.828091 -39.762859 -25.904245
-58.411934 -42.493649 -36.056393
-56.979229 -44.847755 -26.152617
-58.714066 -50.325726 -30.086720
-64.136780 -42.013599 -32.774998
-61.376549 -37.715317 -27.758600
-61.439316 -36.752964 -37.476303
-60.703709 -44.103386 -27.898146
-57.021660 -40.422596 -37.440552
-62.603909 -37.513592 -30.350784
-62.172943 -45.507656 -23.775978
-59.281353 -35.565483 -25.244030
-61.178009 -50.355709 -31.220781
-55.813637 -47.844582 -28.920389
-59.444599 -40.760422 -24.163948
-61.394817 -44.998295 -37.392860
-67.387268 -41.917320 -28.827059
-65.141457 -44.671833 -26.966154
-62.264458 -41.057049 -24.005077
-63.967682 -37.210274 -26.805067
-63.432980 -42.540516 -25.261833
-56.253246 -35.752060 -26.700083
-59.528290 -39.700886 -28.260954
-55.329746 -47.479507 -29.490217
-65.499397 -39.167515 -25.015675
-62.829979 -44.102814 -27.887562
-64.250923 -44.508121 -35.266193
-65.358650 -47.272125 -27.926447
-62.720367 -43.788250 -34.947994
-57.433567 -39.001606 -23.529524
-64.766914 -37.389740 -29.381922
-65.111519 -47.986259 -29.034529
-62.205391 -39.345798 -35.241009
-59.312740 -38.325527 -24.856333
-61.008671 -33.787853 -28.488668
-56.521183 -35.503582 -31.310541
-66.554604 -38.191353 -28.845825
-65.059631 -43.163544 -25.176453
-65.431931 -44.346756 -27.697300
-64.664452 -43.164326 -25.899286
-68.231003 -40.022686 -29.512892
-66.916008 -37.988270 -28.656357
-65.983055 -41.055180 -26.931061
-63.773998 -43.677681 -37.524910
-67.049652 -39.766453 -33.111752
-58.506721 -45.451939 -26.888309
-57.255589 -39.094334 -35.039581
-59.833752 -44.394608 -23.820789
-56.177265 -47.606651 -28.683136
-61.754421 -48.583740 -28.787987
-54.801125 -44.800137 -26.028473
-64.651070 -38.866673 -24.771168
-59.385628 -48.450085 -31.421564
-62.732468 -40.583084 -22.526842
-55.104816 -43.446308 -25.490860
-64.282478 -40.666622 -37.815022
-59.727989 -41.061230 -21.840647
-66.306679 -41.061466 -30.153898
-60.215080 -46.501610 -24.304792
-55.292889 -39.219700 -25.062716
-58.677238 -46.081413 -34.746544
-62.288734 -42.669483 -25.587070
-62.217457 -38.199047 -31.941879
-53.768330 -43.081841 -27.693020
-64.413467 -41.975422 -35.134399
-59.135864 -40.054245 -25.715679
-63.026585 -40.388885 -22.891434
-59.156441 -42.914200 -26.139442
-57.637730 -41.336834 -24.750301
-59.811020 -48.748180 -29.733490
-63.647247 -46.592628 -27.602045
-55.399033 -41.996174 -28.209871
-64.490715 -42.974895 -37.499500
-58.126472 -39.595146 -31.511652
-60.271595 -45.704369 -33.526810
-65.763733 -39.451046 -36.151405
-55.806030 -47.034653 -29.803856
-65.294159 -43.775818 -32.652302
-62.415886 -41.316692 -25.845364
-60.956429 -48.471069 -33.742180
-64.996986 -43.143894 -36.083675
-59.225761 -49.375484 -32.195335
-55.552242 -44.641445 -27.132843
-58.775635 -42.012268 -35.710052
-59.563141 -50.396049 -32.097710
-57.255779 -42.659573 -26.983309
-66.750671 -42.758633 -32.813454
-54.736900 -38.799202 -25.711655
-60.622555 -48.930691 -31.025444
-66.553421 -43.349937 -29.473005
-56.150063 -36.687672 -35.060261
-57.154663 -42.867672 -27.338055
-55.777294 -42.417244 -39.241779
-61.805809 -43.756432 -21.434744
-61.548832 -41.950523 -33.217976
-64.347557 -43.307274 -34.770737
-66.031815 -42.816994 -29.787918
-64.609550 -42.123127 -22.703133
-57.667152 -49.607784 -29.990646
-55.918266 -46.639309 -30.008745
-59.142059 -44.469067 -31.493235
-64.838295 -42.623631 -30.460007
-62.935192 -43.342381 -32.467472
-64.966721 -39.544987 -32.371536
-55.519913 -37.619694 -26.444170
-56.418331 -38.225086 -25.356899
-59.923668 -42.177135 -37.718903
-57.362690 -39.086277 -23.400835
-59.509026 -40.285343 -27.851654
-55.743954 -48.509861 -30.165146
-59.907097 -43.654968 -30.360682
-57.380352 -41.617210 -29.981714
-60.962353 -44.337090 -24.080965
-54.904629 -42.361046 -30.288382
-61.402508 -39.337227 -30.660307
-66.886169 -40.921619 -31.459364
-56.518620 -47.187145 -25.077091
-55.535069 -47.692600 -29.563847
-63.565857 -44.586536 -33.706188
-55.646828 -48.434132 -30.052111
-60.364197 -45.400139 -28.109644
-57.777576 -43.130703 -30.669609
-61.150753 -38.852875 -35.286369
-56.962082 -47.425858 -28.950562
-64.728195 -39.957531 -34.780914
-56.364063 -40.648376 -35.664185
-57.509567 -44.792450 -25.607689
-57.156086 -44.130798 -34.432644
-65.347580 -41.831135 -24.303755
-61.514099 -37.828037 -23.011049
-64.330261 -43.016102 -28.787678
-57.168034 -41.524590 -24.333538
-55.405407 -47.896931 -29.482298
-57.029369 -35.205299 -31.216753
-61.326488 -39.161983 -27.361427
-56.896084 -43.509586 -34.129620
-59.094193 -43.344524 -32.608559
-67.967354 -40.333427 -29.120838
-64.426247 -38.920815 -24.868227
-56.197941 -40.731018 -24.115564
-60.092152 -45.325359 -31.869352
-56.389297 -38.416595 -36.995308
-62.752811 -43.128662 -30.534731
-59.588627 -42.330540 -33.689869
-56.637196 -40.516781 -26.049532
-58.743126 -46.099667 -25.737305
-63.901752 -38.309208 -33.310776
-59.799534 -41.756016 -27.042126
-56.938526 -38.965858 -28.663626
-57.945389 -46.383648 -24.361013
-56.513905 -40.100784 -24.709229
-59.274418 -35.701561 -30.988703
-61.565128 -36.990265 -23.648304
-65.127930 -44.104862 -22.844654
-65.857712 -46.123726 -25.167572
-64.135857 -35.334473 -27.779758
-65.034630 -44.054707 -22.690681
-56.498314 -45.500824 -36.196915
-61.537453 -41.809975 -27.525660
-65.958672 -39.033863 -30.032625
-55.808449 -44.729111 -25.140083
-62.196007 -40.747826 -37.221718
-59.435055 -39.729420 -35.637493
-61.741158 -37.891407 -22.798052
-58.286751 -44.331749 -33.260799
-62.957241 -38.450294 -29.322851
-63.495636 -46.143070 -22.310612
-59.003693 -49.728081 -29.396063
-65.759163 -41.989445 -24.564247
-53.000732 -41.326321 -30.134409
-63.190586 -37.714153 -27.625257
-57.117786 -43.896667 -29.936892
-57.556541 -40.349331 -27.705400
-57.479088 -42.974682 -36.693470
-64.137161 -36.436504 -34.239971
-61.912350 -42.057232 -29.295614
-57.844688 -44.426956 -24.990692
-61.418327 -49.437450 -31.213650
-58.744102 -34.801342 -32.492393
-64.765610 -40.440063 -30.210194
-55.236492 -47.696640 -29.301697
-59.713356 -41.330044 -21.615152
-61.693428 -47.043194 -29.253485
-64.394600 -44.383957 -30.454769
-65.759727 -38.846321 -30.196161
-62.213692 -46.674408 -26.331213
-62.439560 -42.360332 -36.159370
-63.453236 -43.899193 -26.092150
-61.815495 -38.957195 -38.731518
-61.074638 -33.851822 -28.529034
-60.925030 -42.543324 -38.631329
-58.270893 -37.116028 -29.690395
-63.645840 -44.124660 -29.153049
-63.587631 -35.340698 -34.703308
-58.397320 -44.812519 -28.802885
-59.104488 -44.037144 -34.464535
-60.822891 -36.728344 -26.183306
-55.489418 -47.034931 -33.014706
-59.498856 -41.440933 -21.502993
-60.096256 -44.319851 -26.457649
-55.590702 -44.520073 -30.913513
-65.942276 -41.789070 -29.691055
-58.835411 -48.071323 -31.534706
-56.259464 -39.451248 -34.513428
-54.430096 -43.122566 -31.684315
-61.881351 -39.047894 -38.865147
-62.966675 -37.982189 -32.345680
-60.118565 -48.371178 -25.431221
-59.792526 -40.214104 -24.432550
-60.965672 -43.755142 -32.451763
-59.555191 -37.976341 -30.022110
-62.569454 -40.758820 -28.199844
-66.475060 -42.249889 -25.024275
-64.974312 -44.665398 -36.410385
-66.974831 -45.285114 -29.033688
-66.136566 -39.952866 -30.395298
-56.115456 -45.527351 -35.825096
-55.561077 -41.514992 -22.766720
-60.463650 -48.238201 -29.079855
-62.720009 -44.438126 -27.646011
-64.445122 -43.966454 -36.924248
-60.885643 -41.741573 -39.814602
-60.284008 -40.299892 -25.862274
-57.232674 -41.873348 -38.582119
-57.821049 -41.344749 -22.287790
-63.440895 -38.909973 -24.256294
-57.952633 -36.895756 -28.010052
-64.726662 -41.868355 -31.502827
-62.642124 -40.112377 -35.946274
-57.322823 -46.218567 -32.429707
-58.202950 -43.248123 -38.177635
-59.623596 -39.371548 -29.309334
-58.141342 -37.376881 -29.907202
-60.816265 -46.210484 -22.345591
-55.260960 -39.888428 -36.630123
-55.607960 -42.573711 -29.867010
-61.084446 -37.041702 -32.529339
-58.203705 -34.798996 -32.117435
-57.606796 -34.323338 -30.565926
-66.371567 -46.840969 -31.228642
-59.508343 -41.502655 -37.917728
-60.927124 -34.623508 -29.823671
-55.072918 -44.950386 -31.906256
-61.057644 -38.858112 -29.350100
-66.021423 -44.252129 -34.918304
-57.512527 -45.903229 -28.082428
-58.726570 -35.738956 -28.172697
-58.114136 -48.241779 -26.578577
-61.037495 -42.052948 -40.094517
-66.869652 -43.131527 -27.138544
-56.884964 -39.276211 -31.516289
-65.655510 -41.179832 -28.113716
-60.233494 -50.259136 -29.144098
-61.156239 -48.143024 -33.987019
-60.692467 -43.846779 -22.006702
-55.364754 -47.282986 -32.815182
-61.690811 -42.823635 -26.875202
-59.489655 -44.468502 -26.950903
-61.990849 -40.500423 -37.123974
-59.112892 -46.541092 -27.457384
-59.327011 -44.491035 -27.010979
-59.946850 -42.055599 -36.074963
-61.631763 -41.143055 -22.640369
-67.005714 -39.665791 -33.341469
-56.680775 -46.427292 -30.943293
-55.891003 -45.705853 -35.411797
-55.178486 -44.746372 -30.909700
-56.783287 -47.422810 -25.412849
-58.203114 -34.114330 -29.669270
-61.479431 -42.815025 -40.069183
-59.699337 -39.930786 -36.042786
-63.786835 -41.470856 -36.507851
-61.309025 -37.229084 -26.264648
-59.138561 -39.664898 -33.106083
-61.105694 -36.568520 -37.311737
-59.423302 -38.532513 -22.683615
-63.079414 -37.489895 -28.189240
-65.140289 -37.821045 -29.584320
-64.858009 -42.159180 -31.849815
-65.118698 -45.461555 -23.831610
-63.110085 -39.812992 -27.589201
-61.571247 -39.992092 -26.535334
-62.111763 -42.626575 -35.869438
-62.151917 -43.863758 -31.056276
-64.193748 -46.157814 -32.788883
-60.917595 -42.494251 -25.471869
-57.047337 -39.351341 -23.151289
-63.907818 -40.356537 -28.927839
-57.718021 -36.835003 -31.809040
-65.759811 -41.184456 -25.885702
-65.416893 -47.322208 -28.033596
-57.932796 -43.397728 -25.670828
-58.415562 -41.742970 -32.169785
-61.095188 -42.176468 -24.245863
-54.902409 -41.603043 -39.140049
-63.070599 -40.290154 -35.858727
-61.453335 -46.889851 -27.876335
-56.630428 -35.548229 -33.774380
-56.718399 -40.935284 -28.471937
-56.358013 -36.803967 -34.955086
-57.091675 -36.018730 -29.690435
-58.419407 -37.135002 -26.614494
-59.378441 -41.057770 -35.779713
-62.962368 -40.312496 -38.532303
-62.848061 -46.451950 -36.862877
-61.038818 -39.573433 -33.441219
-62.050323 -38.170773 -26.588715
-64.276436 -41.958202 -38.365532
-59.189903 -39.297504 -27.945524
-62.525932 -40.531086 -38.798885
-62.077003 -36.947754 -36.939484
-59.739399 -42.548592 -31.872417
-61.557415 -47.633064 -32.324600
-61.604195 -47.135853 -27.018833
-56.252659 -41.904835 -31.456612
-56.680779 -46.966751 -24.885462
-63.484398 -39.417500 -31.267008
-63.421005 -35.494850 -29.829496
-57.715130 -40.912083 -36.680248
-58.826584 -38.573017 -36.016350
-65.494576 -44.638969 -27.431702
-63.036667 -41.416744 -35.983738
-62.339245 -45.322590 -35.259926
-62.441307 -43.896847 -21.882586
-60.869293 -43.337963 -37.593399
-59.534035 -38.185791 -32.523357
-62.600132 -43.537598 -34.741364
-63.871029 -42.568260 -28.599083
-63.080715 -39.121796 -25.542370
-57.825840 -45.736164 -23.256691
-61.561138 -47.579960 -32.733688
-60.201935 -48.262661 -32.303028
-62.434155 -38.919785 -38.573948
-62.500195 -48.845150 -26.362736
-57.386753 -42.724327 -33.748615
-60.782742 -34.873756 -32.398335
-58.428383 -37.714554 -32.033329
-64.256577 -35.618473 -27.570530
-62.261204 -37.817936 -38.006004
-57.123436 -35.712646 -29.888866
-57.671661 -45.913338 -23.645611
-64.949936 -48.052063 -28.934214
-68.300941 -39.911774 -29.730209
-62.505032 -42.995155 -23.349972
-59.368156 -46.985336 -23.062702
-53.347931 -41.100571 -28.608885
-61.274395 -43.596737 -33.131851
-60.296585 -37.344421 -28.472597
-64.727341 -37.492733 -32.124275
-61.511555 -39.959354 -32.632397
-56.213234 -42.968189 -29.692213
-58.376476 -43.605255 -21.046204
-58.826004 -40.203064 -23.502514
-62.395443 -37.811726 -26.902691
-55.167042 -44.600365 -26.041899
-60.268436 -38.422985 -31.311897
-62.768707 -35.140099 -33.978355
-54.406513 -43.106457 -35.357288
-62.954166 -46.910290 -29.938831
-61.270699 -42.241756 -39.161331
-55.771954 -37.835716 -35.873669
-55.746502 -39.954174 -31.280916
-60.385281 -40.695084 -33.544380
-64.045380 -35.162495 -27.904503
-59.295403 -39.932076 -32.653297
-58.157204 -48.741684 -30.800592
-56.994583 -36.711857 -31.458487
-62.708416 -44.317627 -36.540916
-56.978336 -43.198833 -28.079355
-61.277576 -40.385777 -31.010172
-60.054951 -38.701160 -31.854103
-62.656818 -49.046238 -26.194571
-58.769936 -40.584812 -29.988911
-58.746449 -39.342831 -34.148773
-60.201839 -45.648865 -35.103474
-58.702427 -37.584705 -35.330715
-59.243965 -47.220600 -23.176933
-57.782673 -37.429184 -25.592674
-66.292137 -45.971157 -29.041594
-67.396751 -45.023003 -28.518518
-53.091640 -42.540585 -30.046116
-60.639210 -46.336254 -36.436703
-56.168087 -43.266129 -35.773834
-61.431263 -40.035740 -32.821918
-60.990505 -35.302597 -32.485352
-62.721619 -49.191025 -26.205547
-66.759636 -45.668678 -29.235703
-55.686661 -40.563866 -36.334602
-65.978302 -39.580563 -24.569868
-59.162888 -35.258595 -28.732540
-59.974411 -37.541553 -30.610003
-62.003197 -41.101051 -26.324469
-54.869198 -38.463894 -25.914574
-54.905907 -38.852486 -36.415501
-54.672150 -44.944931 -26.052042
-59.875675 -44.399212 -31.078836
-63.069092 -46.853645 -36.444073
-54.863289 -43.640472 -23.841732
-56.861790 -35.725765 -26.655392
-56.878395 -47.751781 -26.225998
-66.414276 -46.878021 -31.301384
-60.619572 -43.487667 -24.692341
-59.904087 -37.340046 -24.911821
-64.261497 -46.049740 -32.979195
-63.224922 -45.191452 -31.652061
-59.597084 -46.857143 -22.844927
-64.907433 -42.798653 -32.113705
-59.842487 -42.227962 -27.422014
-59.852444 -40.164318 -39.044178
-66.625092 -45.003658 -31.739101
-66.102959 -39.142792 -26.625187
-65.819069 -40.875145 -25.570358
-60.845142 -37.311703 -32.448322
-57.801498 -43.901375 -31.959267
-59.310192 -40.559776 -38.683167
-64.399788 -47.651478 -26.450710
-59.067150 -40.461277 -23.688427
-64.299919 -46.287849 -34.310066
-54.356911 -38.605350 -33.401669
-61.129860 -38.101292 -36.233879
-56.565201 -41.899067 -36.894352
-64.627838 -40.428379 -35.716892
-60.415131 -42.011379 -23.891518
-63.068066 -47.255562 -25.360161
-65.695328 -44.822651 -27.559916
-61.888058 -42.194157 -31.635250
-64.351898 -42.193657 -32.682972
-55.722134 -47.350712 -26.914703
-61.200092 -39.327953 -26.152592
-63.844830 -37.115906 -26.561338
-59.363853 -38.902172 -29.881340
-59.356537 -38.260357 -34.148453
-64.112625 -43.756279 -22.910734
-61.666622 -36.661190 -28.800631
-56.834316 -37.344124 -28.698778
-59.686203 -39.531895 -37.095863
-57.987324 -36.939430 -32.176704
-64.986923 -38.575035 -27.288223
-53.359531 -38.992565 -32.349617
-62.315353 -48.635212 -30.306004
-63.544655 -43.959026 -37.759163
-63.262455 -42.793880 -38.474861
-62.601250 -40.673515 -22.384466
-56.623928 -40.478493 -28.942253
-60.128208 -49.279926 -29.173635
-66.848808 -42.826019 -32.966015
-64.132690 -45.632675 -28.048635
-62.467617 -37.518871 -33.813679
-60.056000 -37.582687 -28.629232
-60.399727 -42.229156 -24.120356
-62.164719 -43.814217 -28.719917
-54.856682 -41.278759 -26.230362
-63.882259 -46.757057 -30.704887
-63.705956 -47.953880 -29.513279
-62.394806 -42.432632 -29.804829
-59.128319 -48.612705 -31.888184
-62.834061 -47.047443 -25.275454
-61.593746 -41.034618 -24.285305
-61.762108 -45.695038 -28.401154
-63.419445 -44.335262 -29.092924
-65.926506 -46.182510 -25.147388
-63.248718 -48.859135 -31.908640
-55.303436 -40.747162 -25.759251
-63.470329 -48.486546 -32.264629
-60.217316 -41.634087 -32.456234
-65.004288 -43.621655 -32.706223
-58.073490 -43.324711 -38.091240
-52.553070 -39.849464 -30.930040
-65.209457 -37.189857 -30.655226
-62.230133 -42.519054 -29.535757
-58.871902 -35.515144 -28.269148
-60.220791 -40.467197 -26.037510
-59.086243 -38.136299 -35.238956
-60.324562 -37.258835 -33.966133
-61.959251 -42.128399 -31.783298
-66.131447 -44.202541 -30.467398
-61.167286 -39.144779 -30.349325
-63.699303 -39.586403 -31.751984
-64.260857 -45.678146 -35.252449
-61.878326 -37.437401 -34.504288
-56.015797 -44.848370 -24.740646
-65.613403 -38.953323 -30.359352
-61.478428 -50.299522 -30.554047
-67.044472 -43.339897 -26.970224
-55.445206 -46.959793 -27.141190
-57.198135 -46.310764 -32.326378
-64.173889 -45.423531 -35.455784
-63.046047 -49.030170 -31.694490
-62.915775 -38.112949 -29.150635
-56.535065 -44.465778 -28.864185
-61.680756 -47.385265 -30.850512
-67.209526 -45.136864 -28.631737
-56.177929 -48.134895 -32.421085
-67.409096 -41.669727 -28.531666
-63.891014 -41.417255 -36.402287
-59.527390 -43.128082 -32.145397
-61.137028 -39.264656 -33.563679
-61.637646 -37.367733 -36.526848
-58.704071 -48.223892 -27.991262
-62.167736 -41.586533 -30.607224
-59.396454 -35.308105 -28.850864
-58.108585 -34.173187 -29.413019
-61.870556 -34.829346 -33.314919
-60.472507 -37.432388 -33.834541
-62.907658 -44.922169 -30.240990
-55.261467 -45.103600 -32.167461
-57.375000 -45.352821 -27.587610
-62.075554 -42.287792 -37.730698
-60.030891 -44.781689 -23.489651
-63.249775 -41.895634 -26.061571
-53.852345 -43.266449 -27.627544
-60.018490 -41.209568 -26.501179
-60.328892 -42.495224 -29.717518
-61.121002 -40.270805 -34.932846
-58.108917 -40.905052 -27.694044
-56.134808 -46.129608 -29.945644
-63.164387 -39.788422 -34.173676
-56.181458 -40.609951 -24.238939
-57.567894 -40.071774 -25.951883
-62.601200 -40.890240 -28.356342
-62.396175 -39.191422 -30.135069
-60.031979 -47.701488 -32.355568
-55.886456 -47.491329 -26.819883
-59.827946 -42.586479 -31.188044
-66.117043 -39.683834 -24.398218
-59.925377 -37.639885 -26.878811
-59.467422 -48.230843 -30.207283
-62.168877 -46.136250 -30.556702
-64.406822 -43.086346 -28.838154
-57.313446 -36.998547 -25.989534
-62.918133 -45.509647 -24.786791
-58.106148 -36.758591 -33.911869
-63.052765 -42.897820 -38.600601
-64.040031 -41.805523 -26.884987
-59.980328 -44.268360 -21.769770
-55.979752 -40.175709 -30.170816
-62.568375 -47.721004 -23.751766
-60.460197 -36.147064 -27.496662
-63.540169 -42.553455 -25.162371
-61.425728 -41.492420 -39.808632
-60.111931 -44.176376 -21.718977
-54.497116 -38.735725 -28.880537
-64.030678 -40.628677 -35.838188
-58.552437 -45.855900 -35.220608
-63.900249 -45.025352 -23.171274
-60.366665 -49.211819 -33.513271
-59.360569 -35.354328 -25.345606
-66.077560 -44.195549 -34.948345
-65.083336 -40.493618 -29.906641
-58.207882 -40.095837 -38.790012
-57.936237 -45.425354 -30.320843
-64.982101 -39.492901 -32.581997
-61.289192 -40.425594 -23.491634
-59.448650 -40.777843 -30.512760
-58.011902 -37.691772 -25.150032
-63.754234 -46.329185 -32.462421
-65.529137 -41.191803 -36.495613
-64.330757 -39.927227 -30.245232
-59.769054 -37.590870 -29.022907
-61.079342 -49.723827 -28.697010
-63.714088 -39.359436 -23.988947
-63.902065 -36.032307 -29.079042
-59.367363 -39.705597 -35.453228
-60.577717 -45.957024 -29.944794
-55.711731 -46.400070 -33.317619
-60.542088 -45.411636 -32.393864
-60.324257 -36.191029 -33.414406
-58.810978 -40.741219 -32.076118
-60.000027 -40.992062 -33.866032
-59.537582 -38.003330 -34.088776
-61.151642 -40.651581 -36.487331
-62.805672 -39.160213 -25.308887
-64.880318 -36.922867 -27.397097
-60.483871 -43.201900 -28.471817
-64.889412 -40.769276 -34.548458
-61.660332 -38.815189 -27.785673
-60.374615 -48.295776 -28.299395
-60.083775 -38.689148 -24.792624
-59.606468 -40.534901 -34.316715
-57.838196 -42.314388 -27.892717
-59.040306 -43.900082 -34.167072
-57.711079 -36.760944 -31.953449
-56.664627 -40.841675 -35.445583
-57.820427 -37.013901 -34.359097
